 1984 2018
1984 -9999.000 -9999.000    43.000    78.000    12.000    27.000   -21.000    -5.000    -6.000     2.000     7.000   -11.000
1985   -10.000    10.000   -41.000    18.000    33.000   -25.000   -10.000   -31.000    -4.000   -13.000    39.000   -18.000
1986   -19.000   -30.000    26.000    24.000    18.000    21.000   -41.000   -49.000   -30.000   -36.000   -42.000   -70.000
1987   -88.000   -31.000    18.000    56.000    55.000    10.000   -23.000   -33.000   -48.000    26.000    24.000    18.000
1988    27.000    26.000    32.000    44.000    68.000    15.000    32.000    36.000    12.000   -25.000   -22.000   -50.000
1989   -54.000   -87.000   -33.000   -11.000   -23.000   -65.000   -89.000   -82.000   -38.000    -5.000   -26.000   -24.000
1990   -36.000    -3.000   -29.000    28.000    10.000   -49.000   -35.000   -13.000    14.000    51.000    56.000    47.000
1991    34.000   -38.000   104.000    95.000    70.000    27.000    -1.000   -18.000   -30.000    -5.000   -40.000   -10.000
1992   -83.000   -31.000   -13.000   -12.000   -26.000   -22.000   -43.000   -54.000   -90.000   -60.000   -59.000   -57.000
1993   -11.000   -30.000   -23.000    18.000    24.000   -16.000   -49.000   -56.000   -63.000   -52.000   -53.000   -37.000
1994   -15.000   -38.000   -30.000   -56.000   -44.000   -24.000   -50.000   -70.000   -78.000   -34.000   -12.000    12.000
1995     1.000   -18.000    44.000     3.000   -14.000     0.000   -28.000   -47.000   -18.000   -35.000   -23.000   -40.000
1996   -11.000    -1.000     4.000    -1.000    -4.000   -12.000   -73.000  -111.000   -81.000   -68.000   -82.000   -71.000
1997   -74.000  -124.000   -44.000   -49.000   -55.000   -84.000   -72.000   -75.000   -80.000   -12.000   -35.000    27.000
1998     5.000    20.000    65.000   108.000    39.000   -11.000   -24.000     8.000     0.000   -23.000   -57.000    14.000
1999     5.000   -47.000    -5.000   -26.000    -5.000   -25.000   -45.000   -45.000   -16.000   -42.000   -53.000   -64.000
2000   -52.000   -63.000   -64.000   -73.000   -34.000   -87.000  -113.000   -93.000   -79.000   -69.000   -76.000   -39.000
2001   -99.000   -78.000   -57.000   -73.000   -48.000   -51.000   -99.000  -133.000  -117.000   -87.000   -56.000   -85.000
2002   -83.000   -72.000    -8.000   -29.000   -34.000   -75.000  -112.000   -64.000   -49.000   -70.000   -11.000   -46.000
2003   -76.000   -53.000    -7.000    29.000     0.000    -8.000   -65.000   -58.000   -35.000   -29.000   -17.000   -21.000
2004     3.000     5.000   -38.000    27.000    13.000   -45.000   -51.000  -101.000   -36.000   -30.000    -5.000    14.000
2005   -48.000   -41.000   -10.000     6.000     1.000   -34.000   -57.000   -46.000   -33.000   -10.000   -11.000   -15.000
2006   -60.000    21.000   -23.000    22.000    16.000   -10.000   -85.000   -36.000   -45.000   -10.000   -20.000     8.000
2007   -54.000    28.000     6.000    31.000    40.000    29.000     5.000    47.000    48.000    45.000    67.000    34.000
2008    24.000   -40.000    41.000 -9999.000 -9999.000 -9999.000 -9999.000 -9999.000 -9999.000 -9999.000 -9999.000 -9999.000
2009 -9999.000    24.000    38.000    40.000   -26.000   -31.000    -5.000   -12.000   -15.000    30.000    51.000    16.000
2010   -24.000    25.000    76.000    30.000    86.000   104.000    -3.000    42.000    27.000    44.000    58.000    64.000
2011    57.000    72.000    20.000    64.000    39.000    45.000    21.000    27.000    33.000    62.000    54.000    49.000
2012   -32.000    31.000    25.000    65.000    -8.000   -51.000    13.000     2.000    -1.000    12.000    49.000    20.000
2013    34.000    22.000    44.000    55.000    42.000    18.000    -1.000    -4.000    23.000    55.000    10.000   -17.000
2014    12.000    16.000    35.000    73.000    81.000    70.000 -9999.000 -9999.000 -9999.000    66.000    76.000    43.000
2015    18.000   104.000    67.000   139.000    84.000    74.000    31.000    49.000    56.000    41.000    92.000    72.000
2016    37.000    64.000   116.000   138.000    98.000    28.000    14.000     3.000    -8.000    19.000     5.000   -34.000
2017    32.000   -17.000    78.000    25.000    25.000    55.000    -4.000    49.000    42.000    37.000    62.000     9.000
2018    25.000    14.000    35.000    79.000    82.000    66.000    17.000    26.000    49.000    89.000    82.000    75.000
-9999
Monthly Tidal data from PRMSL
Source URL https://www.psmsl.org/data/
ZANZIBAR                                  :TANZANIA, UNITED REPUBLIC 
6.15S:39.1833E
Station Number:1600
Date produced Aug 4 2023
units:mm
https://psl.noaa.gov/
